OriginalUserID	Color
0	0
1	1
2	1
3	1
4	1
5	1
6	1
7	1
8	1
9	2
10	1
11	1
12	1
13	1
14	1
15	1
16	1
17	1
18	1
19	2
20	2
21	3
22	2
23	1
24	1
25	4
26	5
27	1
28	2
29	2
30	1
31	2
32	1
33	1
34	1
35	1
36	1
37	1
38	2
39	1
40	1
41	3
42	2
43	1
44	1
45	1
46	1
47	1
48	2
49	1
50	1
51	3
52	1
53	3
54	4
55	1
56	6
57	3
58	1
59	2
60	1
61	2
62	1
63	1
64	1
65	2
66	1
67	7
68	1
69	3
70	1
71	1
72	3
73	3
74	1
75	1
76	1
77	2
78	2
79	1
80	4
81	1
82	3
83	5
84	1
85	3
86	1
87	3
88	5
89	3
90	1
91	2
92	2
93	2
94	5
95	2
96	2
97	1
98	8
99	2
100	2
101	6
102	1
103	2
104	2
105	5
106	1
107	9
108	2
109	4
110	5
111	4
112	1
113	9
114	1
115	4
116	5
117	1
118	9
119	11
120	1
121	2
122	13
123	6
124	2
125	1
126	4
127	5
128	1
129	3
130	6
131	1
132	2
133	4
134	4
135	2
136	4
137	5
138	1
139	1
140	6
141	11
142	8
143	4
144	7
145	1
146	2
147	4
148	6
149	3
150	3
151	4
152	2
153	1
154	1
155	2
156	5
157	1
158	6
159	7
160	2
161	11
162	1
163	1
164	1
165	4
166	1
167	3
168	4
169	14
170	9
171	2
172	13
173	2
174	3
175	5
176	7
177	6
178	3
179	2
180	8
181	7
182	2
183	1
184	11
185	8
186	11
187	3
188	16
189	4
190	3
191	1
192	2
193	4
194	9
195	8
196	4
197	12
198	2
199	16
200	17
201	4
202	3
203	18
204	11
205	1
206	4
207	1
208	1
209	1
210	1
211	5
212	8
213	8
214	7
215	1
216	1
217	6
218	9
219	2
220	2
221	2
222	1
223	19
224	9
225	7
226	10
227	8
228	3
229	1
230	4
231	5
232	11
233	2
234	1
235	2
236	12
237	6
238	7
239	20
240	2
241	2
242	12
243	2
244	2
245	4
246	7
247	3
248	8
249	13
250	1
251	7
252	18
253	1
254	1
255	2
256	1
257	2
258	4
259	3
260	1
261	4
262	1
263	3
264	4
265	2
266	7
267	2
268	1
269	3
270	2
271	10
272	9
273	3
274	4
275	4
276	3
277	12
278	3
279	1
280	6
281	4
282	1
283	2
284	6
285	3
286	2
287	1
288	1
289	1
290	1
291	7
292	1
293	1
294	1
295	1
296	4
297	1
298	4
299	7
300	1
301	2
302	4
303	9
304	14
305	1
306	5
307	2
308	6
309	3
310	6
311	1
312	8
313	12
314	5
315	11
316	2
317	4
318	5
319	5
320	8
321	1
322	15
323	14
324	5
325	15
326	9
327	1
328	6
329	10
330	8
331	7
332	15
333	4
334	10
335	1
336	1
337	7
338	1
339	5
340	2
341	3
342	14
343	6
344	3
345	2
346	10
347	6
348	15
414	14
428	16
1684	21
1912	88
2814	0
2838	0
2885	0
3003	3
3173	5
3290	4
353	10
363	16
366	13
376	20
389	10
420	6
475	21
483	22
484	18
517	23
526	21
538	24
563	7
566	25
580	15
596	7
601	1
606	25
629	0
637	7
641	13
649	1
651	7
896	25
897	10
898	1
899	0
900	0
901	16
902	10
903	17
904	1
905	3
906	16
907	1
908	8
909	7
910	0
911	0
912	1
913	5
914	4
915	7
916	31
917	18
918	0
919	7
920	1
921	30
922	0
923	0
924	15
925	36
926	1
927	11
928	1
929	0
930	14
931	4
932	10
933	1
934	12
935	3
936	17
937	2
938	14
939	5
940	0
941	12
942	13
943	3
944	7
945	0
946	54
947	28
948	10
949	7
950	2
951	3
952	0
953	27
954	17
955	6
956	6
957	24
958	15
959	11
960	26
961	3
962	1
963	18
964	3
965	0
966	30
967	18
968	8
969	0
970	2
971	14
972	0
973	2
974	4
975	26
976	2
977	11
978	19
979	7
980	28
981	12
982	4
983	13
984	20
985	2
986	1
987	1
988	0
989	1
990	6
991	2
992	6
993	3
994	3
995	8
996	1
997	23
998	3
999	14
1000	3
1001	10
1002	2
1003	12
1004	24
1005	2
1006	28
1007	1
1008	0
1009	5
1010	6
1011	10
1012	1
1013	1
1014	16
1015	1
1016	3
1017	27
1018	8
1019	24
1020	0
1021	0
1022	0
1023	0
1024	0
1025	0
1026	0
1027	0
1028	1
1029	0
1030	0
1031	0
1032	1
1033	0
1034	0
1035	0
1036	1
1037	1
1038	0
1039	0
1040	1
1041	0
1042	0
1043	1
1044	0
1045	0
1046	0
1047	0
1048	1
1049	0
1050	0
1051	1
1052	2
1053	0
1054	1
1055	1
1056	2
1057	0
1058	0
1059	2
1060	1
1061	0
1062	1
1063	0
1064	0
1065	0
1066	2
1067	2
1068	0
1069	2
1070	3
1071	0
1072	2
1073	1
1074	2
1075	3
1076	1
1077	1
1078	3
1079	0
1080	1
1081	3
1082	0
1083	2
1084	1
1085	2
1086	4
1087	0
1088	0
1089	0
1090	0
1091	0
1092	0
1093	0
1094	1
1095	0
1096	0
1097	0
1098	1
1099	4
1100	3
1101	1
1102	3
1103	0
1104	4
1105	0
1106	0
1107	4
1108	5
1109	4
1110	4
1111	2
1112	1
1113	2
1114	0
1115	1
1116	3
1117	1
1118	1
1119	0
1120	2
1121	1
1122	0
1123	1
1124	5
1125	6
1126	7
1127	1
1128	5
1129	5
1130	3
1131	1
1132	5
1133	1
1134	0
1135	0
1136	1
1137	2
1138	1
1139	1
1140	0
1141	1
1142	0
1143	0
1144	2
1145	0
1146	6
1147	1
1148	3
1149	8
1150	0
1151	0
1152	4
1153	8
1154	0
1155	2
1156	2
1157	0
1158	7
1159	5
1160	4
1161	2
1162	0
1163	12
1164	1
1165	3
1166	5
1167	1
1168	1
1169	3
1170	4
1171	3
1172	13
1173	11
1174	3
1175	13
1176	0
1177	0
1178	1
1179	4
1180	0
1181	4
1182	2
1183	6
1184	11
1185	16
1186	5
1187	0
1188	7
1189	5
1190	2
1191	16
1192	14
1193	1
1194	1
1195	4
1196	0
1197	4
1198	8
1199	18
1200	0
1201	16
1202	2
1203	1
1204	8
1205	7
1206	0
1207	13
1208	1
1209	2
1210	7
1211	20
1212	2
1213	1
1214	30
1215	3
1216	10
1217	1
1218	2
1219	0
1220	2
1221	7
1222	21
1223	2
1224	0
1225	6
1226	8
1227	19
1228	2
1229	11
1230	24
1231	27
1232	13
1233	0
1234	4
1235	21
1236	11
1237	12
1238	20
1239	1
1240	2
1241	0
1242	6
1243	10
1244	2
1245	6
1246	4
1247	3
1248	1
1249	2
1250	26
1251	5
1252	1
1253	1
1254	2
1255	28
1256	25
1257	6
1258	6
1259	12
1260	4
1261	12
1262	0
1263	2
1264	0
1265	3
1266	3
1267	30
1268	1
1269	21
1270	0
1271	19
1272	11
1273	6
1274	1
1275	2
1276	0
1277	6
1278	5
1279	1
1280	3
1281	3
1282	7
1283	1
1284	4
1285	7
1286	2
1287	2
1288	10
1289	2
1290	7
1291	8
1292	10
1293	0
1294	3
1295	1
1296	5
1297	0
1298	3
1299	3
1300	1
1301	2
1302	11
1303	5
1304	5
1305	2
1306	4
1307	4
1308	0
1309	5
1310	6
1311	2
1312	5
1313	2
1314	2
1315	5
1316	7
1317	4
1318	6
1319	6
1320	5
1321	3
1322	13
1323	13
1324	6
1325	2
1326	0
1327	6
1328	4
1329	20
1330	16
1331	6
1332	4
1333	7
1334	4
1335	19
1336	12
1337	5
1338	8
1339	8
1340	5
1341	12
1342	1
1343	3
1344	13
1345	17
1346	2
1347	18
1348	6
1349	7
1350	10
1351	2
1352	23
1353	0
1354	1
1355	10
1356	3
1357	2
1358	8
1359	17
1360	7
1361	19
1362	0
1363	2
1364	0
1365	2
1366	13
1367	55
1368	5
1369	7
1370	23
1371	14
1372	1
1373	14
1374	11
1375	12
1376	27
1377	29
1378	15
1379	5
1380	0
1381	2
1382	13
1383	2
1384	2
1385	0
1386	0
1387	4
1388	18
1389	5
1390	29
1391	31
1392	1
1393	11
1394	0
1395	0
1396	15
1397	1
1398	4
1399	32
1400	6
1401	0
1402	5
1403	5
1404	7
1405	19
1406	3
1407	14
1408	8
1409	5
1410	10
1411	0
1412	8
1413	26
1414	0
1415	4
1416	31
1417	0
1418	1
1419	0
1420	37
1421	6
1422	4
1423	17
1424	1
1425	11
1426	28
1427	11
1428	1
1429	15
1430	0
1431	40
1432	5
1433	11
1434	0
1435	7
1436	10
1437	7
1438	1
1439	0
1440	3
1441	6
1442	2
1443	1
1444	0
1445	4
1446	17
1447	34
1448	8
1449	14
1450	2
1451	17
1452	20
1453	7
1454	17
1455	1
1456	39
1457	5
1458	2
1459	29
1460	5
1461	0
1462	30
1463	0
1464	8
1465	21
1466	0
1467	36
1468	19
1469	16
1470	12
1471	38
1472	17
1473	14
1474	1
1475	14
1476	1
1477	2
1478	4
1479	27
1480	22
1481	3
1482	18
1483	28
1484	0
1485	4
1486	1
1487	13
1488	41
1489	0
1490	1
1491	39
1492	0
1493	3
1494	8
1495	19
1496	14
1497	4
1498	0
1499	4
1500	12
1501	2
1502	2
1503	4
1504	15
1505	8
1506	0
1507	13
1508	1
1509	33
1510	0
1511	6
1512	14
1513	8
1514	4
1515	20
1516	34
1517	1
1518	4
1519	7
1520	8
1521	0
1522	33
1523	16
1524	1
1525	16
1526	2
1527	0
1528	5
1529	4
1530	7
1531	2
1532	3
1533	3
1534	5
1535	2
1536	4
1537	1
1538	0
1539	8
1540	5
1541	3
1542	6
1543	3
1544	3
1545	3
1546	0
1547	11
1548	4
1549	5
1550	8
1551	10
1552	1
1553	3
1554	12
1555	0
1556	3
1557	10
1558	0
1559	14
1560	0
1561	1
1562	0
1563	3
1564	2
1565	3
1566	1
1567	3
1568	5
1569	2
1570	15
1571	3
1572	4
1573	11
1574	6
1575	0
1576	12
1577	3
1578	2
1579	2
1580	4
1581	0
1582	8
1583	15
1584	17
1585	4
1586	2
1587	7
1588	5
1589	15
1590	6
1591	12
1592	0
1593	6
1594	1
1595	0
1596	16
1597	21
1598	21
1599	2
1600	14
1601	11
1602	1
1603	13
1604	22
1605	14
1606	0
1607	1
1608	22
1609	8
1610	17
1611	20
1612	25
1613	24
1614	8
1615	5
1616	3
1617	19
1618	1
1619	15
1620	19
1621	26
1622	20
1623	28
1624	7
1625	1
1626	4
1627	1
1628	22
1629	5
1630	11
1631	0
1632	13
1633	0
1634	8
1635	1
1636	23
1637	16
1638	0
1639	7
1640	2
1641	5
1642	6
1643	18
1644	14
1645	12
1646	1
1647	11
1648	10
1649	13
1650	3
1651	0
1652	3
1653	15
1654	0
1655	10
1656	10
1657	2
1658	0
1659	15
1660	5
1661	23
1662	33
1663	35
1664	2
1665	36
1666	11
1667	8
1668	37
1669	38
1670	2
1671	6
1672	5
1673	19
1674	2
1675	32
1676	7
1677	11
1678	3
1679	13
1680	11
1681	11
1682	0
1683	18
1685	35
1686	13
1687	13
1688	25
1689	38
1690	0
1691	23
1692	19
1693	1
1694	6
1695	7
1696	4
1697	1
1698	2
1699	19
1700	0
1701	1
1702	8
1703	12
1704	4
1705	12
1706	6
1707	40
1708	3
1709	19
1710	0
1711	1
1712	42
1713	2
1714	43
1715	16
1716	19
1717	16
1718	17
1719	4
1720	18
1721	33
1722	13
1723	1
1724	7
1725	10
1726	5
1727	6
1728	0
1729	21
1730	42
1731	3
1732	6
1733	21
1734	2
1735	42
1736	41
1737	6
1738	10
1739	2
1740	20
1741	5
1742	26
1743	5
1744	14
1745	1
1746	45
1747	7
1748	5
1749	5
1750	44
1751	2
1752	19
1753	8
1754	16
1755	0
1756	3
1757	31
1758	4
1759	2
1760	0
1761	19
1762	1
1763	0
1764	1
1765	21
1766	15
1767	15
1768	44
1769	1
1770	20
1771	2
1772	13
1773	8
1774	10
1775	1
1776	3
1777	0
1778	15
1779	5
1780	1
1781	0
1782	0
1783	11
1784	0
1785	3
1786	10
1787	8
1788	3
1789	7
1790	2
1791	15
1792	0
1793	16
1794	5
1795	17
1796	5
1797	0
1798	12
1799	22
1800	52
1801	6
1802	1
1803	11
1804	53
1805	6
1806	12
1807	15
1808	5
1809	50
1810	38
1811	4
1812	28
1813	16
1814	5
1815	13
1816	48
1817	6
1818	10
1819	30
1820	25
1821	1
1822	8
1823	51
1824	27
1825	14
1826	29
1827	50
1828	19
1829	1
1830	5
1831	8
1832	14
1833	49
1834	0
1835	39
1836	5
1837	24
1838	2
1839	44
1840	0
1841	22
1842	25
1843	8
1844	17
1845	14
1846	3
1847	10
1848	7
1849	48
1850	7
1851	14
1852	4
1853	4
1854	1
1855	0
1856	2
1857	32
1858	10
1859	12
1860	3
1861	18
1862	8
1863	7
1864	23
1865	1
1866	14
1867	41
1868	46
1869	4
1870	8
1871	29
1872	3
1873	1
1874	2
1875	3
1876	21
1877	23
1878	5
1879	46
1880	23
1881	16
1882	19
1883	1
1884	2
1885	11
1886	32
1887	0
1888	47
1889	8
1890	3
1891	22
1892	3
1893	30
1894	24
1895	22
1896	2
1897	6
1898	24
1899	31
1900	3
1901	1
1902	16
1903	10
1904	5
1905	7
1906	3
1907	0
1908	4
1909	10
1910	7
1911	11
1926	31
1932	24
1939	27
1945	34
1951	13
1955	1
1972	14
1973	15
1976	7
1991	15
1995	17
1998	19
2001	20
2004	6
2007	23
2009	10
2018	18
2024	16
2027	22
2032	55
2038	12
2039	22
2042	22
2054	25
2068	51
2071	27
2072	28
2081	29
2102	28
2111	33
2116	12
2117	32
2127	30
2128	20
2133	37
2135	36
2138	54
2143	16
2153	39
2157	11
2171	21
2174	22
2180	34
2183	37
2187	42
2189	39
2199	44
2203	43
2223	20
2224	52
2225	6
2247	47
2250	23
2254	19
2264	10
2267	14
2268	13
2279	49
2283	53
2284	24
2289	49
2292	51
2302	50
2319	18
2327	24
2336	23
2337	1
2364	8
2378	7
2384	26
2398	10
2417	8
2436	14
2445	11
2447	3
2451	32
2458	16
2459	6
2461	30
2463	35
2471	36
2472	13
2475	38
2491	38
2494	10
2498	29
2502	7
2508	27
2510	40
2511	41
2529	8
2533	25
2538	23
2543	63
2547	6
2571	1
2583	23
2589	8
2598	45
2617	43
2629	48
2635	0
2636	1
2640	24
2643	46
2647	22
2649	47
2653	5
2660	22
2704	0
2740	0
427	1
464	0
549	0
351	3
364	6
393	1
399	3
441	4
476	0
501	5
564	0
349	0
350	0
352	0
354	0
355	1
356	0
357	0
358	0
359	2
360	0
361	3
362	1
365	1
367	0
368	1
369	1
370	1
371	0
372	0
373	2
374	0
375	2
377	0
378	3
379	0
380	0
381	0
382	2
383	1
384	1
385	0
386	0
387	3
388	3
390	0
391	1
392	0
394	2
395	4
396	4
397	3
398	3
400	0
401	1
402	5
403	3
404	5
405	0
406	0
407	2
408	6
409	4
410	3
411	1
412	7
413	0
415	2
416	2
417	8
418	2
419	7
421	1
422	6
423	5
424	2
425	0
426	1
429	1
430	8
431	9
432	4
433	3
434	1
435	0
436	6
437	1
438	10
439	5
440	0
442	2
443	0
444	7
445	4
446	0
447	0
448	1
449	1
450	1
451	2
452	6
453	2
454	1
455	5
456	11
457	4
458	4
459	1
460	3
461	9
462	2
463	7
465	7
466	0
467	0
468	0
469	5
470	5
471	0
472	1
473	8
474	5
477	2
478	2
479	7
480	0
481	8
482	2
485	0
486	3
487	8
488	5
489	9
490	3
491	4
492	11
493	12
494	6
495	6
496	8
497	7
498	0
499	0
500	13
502	5
503	14
504	9
505	1
506	12
507	11
508	1
509	5
510	8
511	1
512	8
513	17
514	7
515	6
516	6
518	8
519	2
520	14
521	2
522	2
523	13
524	18
525	19
527	10
528	4
529	3
530	1
531	10
532	3
533	0
534	3
535	5
536	10
537	1
539	4
540	2
541	0
542	12
543	6
544	24
545	17
546	8
547	11
548	8
550	0
551	9
552	2
553	7
554	11
555	12
556	16
557	16
558	4
559	26
560	9
561	27
562	0
565	3
567	13
568	1
569	3
570	2
571	0
572	2
591	19
656	0
669	12
604	8
645	3
646	0
666	5
683	8
587	1
590	1
614	15
634	4
680	7
586	2
610	0
652	0
673	0
676	1
620	1
574	3
630	8
678	9
593	1
609	9
573	6
575	0
576	2
577	11
578	12
579	10
581	1
582	13
583	15
584	4
585	0
588	2
589	8
592	11
594	3
595	16
597	12
598	12
599	16
600	17
602	0
603	13
605	2
607	0
608	0
611	9
612	4
613	0
615	18
616	5
617	12
618	0
619	1
621	0
622	1
623	0
624	0
625	2
626	0
627	0
628	0
631	1
632	1
633	3
635	2
636	2
638	0
639	0
640	3
642	0
643	4
644	4
647	2
648	0
650	5
653	4
654	3
655	0
657	1
658	6
659	7
660	0
661	8
662	9
663	2
664	1
665	3
667	0
668	0
670	10
671	0
672	0
674	0
675	5
677	5
679	2
681	1
682	3
684	4
685	5
1967	0
3437	16
3454	3
3487	3
3723	4
3861	2
3961	1
3980	0
3989	1
4011	2
4031	1
686	0
687	1
688	2
689	1
690	1
691	1
692	1
693	1
694	3
695	4
696	1
697	5
698	3
699	1
700	1
701	1
702	2
703	2
704	1
705	4
706	1
707	1
708	1
709	1
710	1
711	2
712	2
713	6
714	3
715	1
716	1
717	1
718	3
719	7
720	1
721	1
722	1
723	1
724	8
725	1
726	9
727	4
728	3
729	4
730	4
731	2
732	4
733	1
734	3
735	1
736	3
737	2
738	5
739	5
740	1
741	5
742	4
743	1
744	1
745	10
746	2
747	8
748	7
749	1
750	1
751	1
752	11
753	6
754	6
755	2
756	1
757	2
758	1
759	5
760	2
761	1
762	1
763	2
764	6
765	4
766	10
767	4
768	3
769	2
770	6
771	5
772	8
773	5
774	4
775	1
776	2
777	3
778	2
779	5
780	7
781	12
782	4
783	5
784	13
785	1
786	2
787	8
788	1
789	6
790	2
791	1
792	1
793	4
794	3
795	4
796	2
797	9
798	4
799	2
800	9
801	1
802	1
803	5
804	5
805	13
806	7
807	7
808	3
809	7
810	14
811	5
812	1
813	1
814	5
815	15
816	4
817	11
818	8
819	9
820	12
821	4
822	5
823	16
824	14
825	1
826	2
827	15
828	17
829	9
830	18
831	10
832	3
833	5
834	19
835	8
836	3
837	3
838	4
839	9
840	10
841	2
842	16
843	5
844	3
845	5
846	2
847	8
848	2
849	11
850	2
851	1
852	2
853	20
854	1
855	3
856	11
890	0
857	4
858	2
859	0
860	0
861	7
862	11
863	6
864	2
865	0
866	2
867	4
868	1
869	6
870	4
871	5
872	5
873	0
874	6
875	0
876	8
877	0
878	0
879	0
880	0
881	1
882	0
883	0
884	0
885	1
886	1
887	0
888	1
889	2
891	0
892	0
893	1
894	1
895	0
3456	0
3495	1
3586	2
3621	0
3626	0
3797	3
3501	4
3517	0
3550	0
3577	5
3592	1
3609	6
3633	7
3677	6
3684	8
3721	9
3779	1
3872	4
3948	10
2678	0
2760	1
2822	0
2883	0
2941	1
2968	0
3005	0
3057	2
3136	1
3164	1
3222	3
3245	0
3248	1
3263	4
3278	1
3328	0
3361	2
3440	0
3525	3
3540	1
3556	0
3561	0
3651	8
3674	9
3692	11
3741	0
3750	4
3756	12
3830	13
3851	14
3877	3
3886	4
3943	9
3962	14
2677	0
2826	0
2724	5
2752	0
2775	3
2869	7
2892	1
2962	4
3001	6
3019	7
3100	1
3162	9
3168	10
3233	8
3295	11
3304	1
3331	3
3366	12
3404	2
3406	15
3412	14
2813	2
2971	1
3034	1
3178	4
3410	1
3420	5
2976	9
3011	6
3179	7
3289	0
1920	0
1941	5
1948	1
1959	4
2028	2
2047	6
2053	4
2065	1
2087	7
2125	8
2132	5
2134	5
2148	4
2149	1
2169	0
2191	8
2194	9
2196	10
2198	2
2239	0
2266	26
2282	11
2285	1
2293	8
2315	12
2328	12
2332	13
2333	14
2338	15
2347	30
2351	16
2368	4
2372	17
2385	8
2399	2
2420	13
2496	0
2501	3
2509	10
2512	9
2516	10
2530	3
2542	34
2555	18
2567	19
2592	17
2597	20
2608	15
2642	15
2725	0
2734	9
2764	7
2964	5
3020	6
3062	13
3079	10
3165	1
3205	2
3258	16
3386	2
3409	0
2693	3
2979	1
3101	28
3265	18
3385	10
1913	0
1916	14
1940	5
1947	13
1954	6
1994	21
2002	6
2010	4
2026	9
2052	19
2062	9
2101	0
2137	1
2144	2
2151	11
2163	0
2176	13
2215	9
2241	20
2246	21
2273	17
2294	18
2295	6
2298	0
2343	2
2344	22
2355	1
2377	23
2389	4
2394	19
2413	5
2419	16
2465	21
2468	17
2519	5
2544	1
2582	15
2588	24
2594	21
2605	4
2609	14
2616	9
2903	2
2938	1
2999	8
3201	31
3319	0
3355	24
3097	9
2707	2
3111	16
3186	1
2661	35
2662	4
2663	9
2664	29
2665	9
2666	27
2667	8
2668	10
2669	33
2670	12
2671	3
2672	17
2673	11
2674	34
2675	14
2676	36
2679	28
2680	17
2681	12
2682	4
2683	23
2684	0
2685	0
2686	3
2687	0
2688	1
2689	24
2690	7
2691	2
2692	0
2694	30
2695	0
2696	0
2697	2
2698	3
2699	2
2700	2
2701	2
2702	0
2703	3
2705	0
2706	3
2708	3
2709	1
2710	1
2711	1
2712	1
2713	2
2714	0
2715	2
2716	5
2717	3
2718	2
2719	6
2720	1
2721	0
2722	0
2723	4
2726	2
2727	0
2728	3
2729	5
2730	4
2731	6
2732	0
2733	0
2735	2
2736	0
2737	2
2738	7
2739	2
2741	5
2742	9
2743	8
2744	0
2745	3
2746	0
2747	1
2748	10
2749	7
2750	8
2751	1
2753	11
2754	9
2755	7
2756	5
2757	8
2758	6
2759	1
2761	4
2762	4
2763	7
2765	7
2766	0
2767	0
2768	8
2769	2
2770	2
2771	3
2772	4
2773	6
2774	2
2776	1
2777	12
2778	13
2779	2
2780	20
2781	6
2782	35
2783	6
2784	4
2785	7
2786	14
2787	0
2788	1
2789	5
2790	0
2791	3
2792	1
2793	18
2794	1
2795	5
2796	11
2797	4
2798	0
2799	3
2800	15
2801	0
2802	0
2803	3
2804	3
2805	3
2806	4
2807	6
2808	0
2809	3
2810	10
2811	0
2812	6
2815	9
2816	1
2817	4
2818	4
2819	7
2820	3
2821	2
2823	5
2824	2
2825	2
2827	17
2828	2
2829	4
2830	9
2831	6
2832	4
2833	20
2834	0
2835	0
2836	5
2837	5
2839	19
2840	8
2841	6
2842	0
2843	8
2844	0
2845	6
2846	15
2847	0
2848	5
2849	24
2850	0
2851	6
2852	0
2853	25
2854	5
2855	0
2856	5
2857	0
2858	4
2859	8
2860	0
2861	2
2862	10
2863	27
2864	2
2865	9
2866	30
2867	14
2868	3
2870	4
2871	12
2872	20
2873	22
2874	15
2875	25
2876	2
2877	23
2878	2
2879	10
2880	5
2881	9
2882	1
2884	1
2886	5
2887	14
2888	2
2889	11
2890	24
2891	0
2893	1
2894	14
2895	0
2896	15
2897	4
2898	3
2899	0
2900	0
2901	26
2902	1
2904	6
2905	25
2906	26
2907	7
2908	3
2909	17
2910	27
2911	25
2912	18
2913	29
2914	8
2915	18
2916	31
2917	3
2918	2
2919	28
2920	32
2921	10
2922	0
2923	2
2924	6
2925	13
2926	6
2927	31
2928	23
2929	16
2930	6
2931	20
2932	17
2933	4
2934	7
2935	9
2936	9
2937	26
2939	33
2940	5
2942	3
2943	29
2944	25
2945	22
2946	15
2947	0
2948	9
2949	7
2950	15
2951	18
2952	0
2953	10
2954	7
2955	15
2956	32
2957	7
2958	5
2959	14
2960	24
2961	3
2963	0
2965	2
2966	34
2967	8
2969	16
2970	3
2972	13
2973	27
2974	0
2975	0
2977	0
2978	0
2980	0
2981	0
2982	0
2983	0
2984	0
2985	0
2986	1
2987	0
2988	0
2989	0
2990	0
2991	0
2992	1
2993	1
2994	2
2995	0
2996	0
2997	1
2998	0
3000	2
3002	0
3004	0
3006	0
3007	1
3008	1
3009	0
3010	1
3012	2
3013	1
3014	3
3015	0
3016	0
3017	2
3018	2
3021	0
3022	2
3023	1
3024	1
3025	3
3026	4
3027	11
3028	1
3029	4
3030	0
3031	0
3032	1
3033	5
3035	5
3036	2
3037	0
3038	4
3039	1
3040	1
3041	2
3042	1
3043	3
3044	0
3045	1
3046	3
3047	5
3048	2
3049	1
3050	0
3051	8
3052	6
3053	0
3054	3
3055	0
3056	6
3058	0
3059	2
3060	3
3061	1
3063	2
3064	6
3065	0
3066	1
3067	3
3068	0
3069	0
3070	4
3071	0
3072	5
3073	9
3074	1
3075	1
3076	8
3077	6
3078	10
3080	4
3081	3
3082	14
3083	2
3084	8
3085	11
3086	13
3087	3
3088	2
3089	8
3090	11
3091	1
3092	0
3093	0
3094	0
3095	0
3096	11
3098	0
3099	0
3102	11
3103	4
3104	13
3105	2
3106	17
3107	6
3108	15
3109	2
3110	1
3112	0
3113	10
3114	10
3115	11
3116	19
3117	4
3118	3
3119	12
3120	20
3121	1
3122	4
3123	9
3124	0
3125	0
3126	3
3127	3
3128	4
3129	2
3130	4
3131	2
3132	17
3133	0
3134	0
3135	4
3137	12
3138	8
3139	1
3140	16
3141	3
3142	14
3143	1
3144	1
3145	18
3146	15
3147	4
3148	8
3149	16
3150	22
3151	1
3152	13
3153	2
3154	15
3155	4
3156	1
3157	1
3158	13
3159	0
3160	4
3161	1
3163	2
3166	15
3167	3
3169	26
3170	1
3171	5
3172	17
3174	20
3175	0
3176	15
3177	17
3180	3
3181	4
3182	24
3183	0
3184	10
3185	23
3187	11
3188	16
3189	2
3190	4
3191	3
3192	1
3193	8
3194	3
3195	24
3196	13
3197	0
3198	29
3199	2
3200	5
3202	0
3203	2
3204	9
3206	2
3207	16
3208	1
3209	10
3210	1
3211	7
3212	12
3213	6
3214	7
3215	5
3216	4
3217	4
3218	6
3219	9
3220	18
3221	8
3223	4
3224	19
3225	4
3226	28
3227	2
3228	8
3229	5
3230	0
3231	8
3232	26
3234	12
3235	0
3236	4
3237	8
3238	9
3239	29
3240	26
3241	8
3242	1
3243	2
3244	1
3246	5
3247	30
3249	1
3250	0
3251	5
3252	32
3253	19
3254	2
3255	5
3256	16
3257	10
3259	0
3260	0
3261	0
3262	1
3264	0
3266	0
3267	2
3268	0
3269	0
3270	1
3271	0
3272	1
3273	1
3274	3
3275	1
3276	1
3277	3
3279	2
3280	4
3281	0
3282	0
3283	4
3284	4
3285	0
3286	0
3287	7
3288	3
3291	7
3292	4
3293	1
3294	0
3296	6
3297	8
3298	5
3299	6
3300	3
3301	1
3302	2
3303	2
3305	0
3306	0
3307	3
3308	2
3309	5
3310	0
3311	0
3312	3
3313	0
3314	2
3315	1
3316	6
3317	0
3318	6
3320	12
3321	13
3322	0
3323	2
3324	5
3325	7
3326	0
3327	2
3329	2
3330	10
3332	11
3333	2
3334	1
3335	3
3336	2
3337	4
3338	0
3339	12
3340	4
3341	5
3342	3
3343	3
3344	16
3345	11
3346	6
3347	16
3348	14
3349	1
3350	15
3351	12
3352	4
3353	9
3354	1
3356	1
3357	2
3358	1
3359	2
3360	14
3362	15
3363	16
3364	1
3365	5
3367	1
3368	3
3369	7
3370	0
3371	7
3372	1
3373	5
3374	6
3375	1
3376	1
3377	4
3378	15
3379	4
3380	2
3381	9
3382	8
3383	0
3384	9
3387	18
3388	0
3389	0
3390	0
3391	22
3392	4
3393	1
3394	7
3395	8
3396	22
3397	23
3398	5
3399	2
3400	11
3401	2
3402	3
3403	10
3405	6
3407	1
3408	0
3411	5
3413	1
3414	2
3415	3
3416	10
3417	20
3418	1
3419	16
3421	0
3422	5
3423	9
3424	0
3425	4
3426	22
3427	5
3428	0
3429	0
3430	2
3431	3
3432	0
3433	17
3434	25
3435	19
3436	0
2003	8
2031	4
2155	8
2185	0
2325	11
2330	0
1914	2
1915	2
1917	35
1918	19
1919	3
1921	4
1922	4
1923	7
1924	0
1925	10
1927	4
1928	0
1929	87
1930	1
1931	5
1933	0
1934	0
1935	7
1936	4
1937	0
1938	41
1942	2
1943	42
1944	8
1946	44
1949	6
1950	2
1952	0
1953	19
1956	0
1957	3
1958	2
1960	6
1961	0
1962	46
1963	0
1964	9
1965	3
1966	25
1968	0
1969	0
1970	19
1971	50
1974	1
1975	9
1977	4
1978	7
1979	37
1980	6
1981	15
1982	0
1983	52
1984	47
1985	54
1986	30
1987	1
1988	5
1989	2
1990	8
1992	0
1993	86
1996	0
1997	21
1999	2
2000	3
2005	34
2006	11
2008	3
2011	9
2012	0
2013	1
2014	1
2015	3
2016	0
2017	2
2019	5
2020	20
2021	1
2022	10
2023	0
2025	10
2029	13
2030	55
2033	34
2034	3
2035	8
2036	1
2037	22
2040	16
2041	0
2043	0
2044	0
2045	0
2046	1
2048	0
2049	0
2050	0
2051	0
2055	1
2056	2
2057	0
2058	1
2059	3
2060	2
2061	0
2063	2
2064	4
2066	0
2067	0
2069	1
2070	0
2073	5
2074	6
2075	0
2076	0
2077	7
2078	8
2079	0
2080	0
2082	1
2083	7
2084	4
2085	1
2086	7
2088	9
2089	2
2090	10
2091	2
2092	3
2093	6
2094	0
2095	11
2096	0
2097	1
2098	7
2099	0
2100	0
2103	12
2104	13
2105	0
2106	0
2107	0
2108	11
2109	2
2110	1
2112	1
2113	1
2114	0
2115	5
2118	14
2119	1
2120	2
2121	15
2122	16
2123	17
2124	18
2126	1
2129	3
2130	0
2131	19
2136	1
2139	20
2140	16
2141	0
2142	21
2145	2
2146	4
2147	1
2150	22
2152	2
2154	15
2156	1
2158	1
2159	1
2160	3
2161	2
2162	0
2164	3
2165	1
2166	1
2167	1
2168	1
2170	1
2172	23
2173	3
2175	0
2177	0
2178	0
2179	0
2181	0
2182	0
2184	24
2186	0
2188	25
2190	27
2192	0
2193	1
2195	0
2197	3
2200	18
2201	28
2202	2
2204	0
2205	1
2206	29
2207	2
2208	2
2209	2
2210	2
2211	3
2212	6
2213	0
2214	0
2216	11
2217	2
2218	31
2219	1
2220	32
2221	6
2222	4
2226	5
2227	1
2228	3
2229	33
2230	1
2231	4
2232	5
2233	35
2234	4
2235	7
2236	5
2237	7
2238	1
2240	36
2242	1
2243	1
2244	37
2245	1
2248	1
2249	1
2251	0
2252	1
2253	23
2255	3
2256	1
2257	12
2258	0
2259	1
2260	4
2261	12
2262	4
2263	0
2265	2
2269	0
2270	1
2271	38
2272	5
2274	2
2275	39
2276	13
2277	1
2278	4
2280	6
2281	2
2286	2
2287	1
2288	2
2290	30
2291	5
2296	4
2297	5
2299	24
2300	15
2301	3
2303	1
2304	16
2305	2
2306	16
2307	27
2308	43
2309	45
2310	0
2311	3
2312	2
2313	7
2314	5
2316	2
2317	8
2318	2
2320	4
2321	1
2322	8
2323	47
2324	48
2326	49
2329	12
2331	51
2334	25
2335	7
2339	34
2340	53
2341	6
2342	1
2345	7
2346	5
2348	15
2349	3
2350	7
2352	48
2353	8
2354	56
2356	80
2357	4
2358	2
2359	43
2360	4
2361	10
2362	6
2363	22
2365	9
2366	10
2367	8
2369	85
2370	50
2371	11
2373	4
2374	58
2375	0
2376	59
2379	3
2380	0
2381	57
2382	0
2383	0
2386	2
2387	6
2388	3
2390	16
2391	11
2392	1
2393	7
2395	40
2396	34
2397	11
2400	6
2401	11
2402	0
2403	1
2404	20
2405	7
2406	14
2407	3
2408	69
2409	84
2410	79
2411	10
2412	11
2414	83
2415	11
2416	18
2418	14
2421	4
2422	1
2423	17
2424	3
2425	5
2426	10
2427	1
2428	78
2429	16
2430	62
2431	1
2432	2
2433	76
2434	38
2435	7
2437	1
2438	30
2439	4
2440	12
2441	0
2442	0
2443	3
2444	8
2446	39
2448	13
2449	8
2450	5
2452	2
2453	4
2454	2
2455	0
2456	2
2457	0
2460	72
2462	9
2464	77
2466	4
2467	32
2469	40
2470	0
2473	7
2474	12
2476	3
2477	8
2478	13
2479	10
2480	9
2481	1
2482	76
2483	2
2484	70
2485	14
2486	9
2487	5
2488	14
2489	10
2490	0
2492	34
2493	1
2495	26
2497	9
2499	3
2500	52
2503	11
2504	41
2505	2
2506	6
2507	73
2513	4
2514	2
2515	1
2517	1
2518	3
2520	70
2521	11
2522	3
2523	3
2524	0
2525	10
2526	69
2527	1
2528	2
2531	3
2532	7
2534	10
2535	4
2536	4
2537	35
2539	42
2540	12
2541	0
2545	0
2546	38
2548	3
2549	72
2550	49
2551	18
2552	0
2553	44
2554	2
2556	14
2557	14
2558	6
2559	69
2560	74
2561	43
2562	2
2563	7
2564	75
2565	1
2566	11
2568	1
2569	0
2570	7
2572	3
2573	69
2574	10
2575	13
2576	5
2577	10
2578	65
2579	9
2580	0
2581	2
2584	1
2585	12
2586	60
2587	5
2590	64
2591	2
2593	54
2595	0
2596	0
2599	0
2600	33
2601	57
2602	67
2603	17
2604	61
2606	5
2607	71
2610	10
2611	62
2612	13
2613	1
2614	4
2615	59
2618	5
2619	65
2620	18
2621	1
2622	7
2623	9
2624	81
2625	66
2626	7
2627	12
2628	9
2630	68
2631	13
2632	2
2633	11
2634	1
2637	4
2638	82
2639	5
2641	0
2644	2
2645	4
2646	28
2648	5
2650	6
2651	0
2652	20
2654	4
2655	63
2656	5
2657	16
2658	8
2659	17
3438	5
3439	6
3441	1
3442	14
3443	6
3444	3
3445	2
3446	5
3447	4
3448	19
3449	21
3450	1
3451	0
3452	0
3453	0
3455	15
3457	0
3458	1
3459	3
3460	9
3461	4
3462	1
3463	6
3464	10
3465	11
3466	11
3467	0
3468	9
3469	12
3470	8
3471	6
3472	9
3473	10
3474	0
3475	11
3476	4
3477	3
3478	11
3479	9
3480	0
3481	1
3482	7
3483	3
3484	0
3485	8
3486	14
3488	20
3489	3
3490	6
3491	11
3492	2
3493	9
3494	0
3496	1
3497	0
3498	0
3499	0
3500	1
3502	0
3503	0
3504	1
3505	2
3506	0
3507	1
3508	3
3509	1
3510	0
3511	2
3512	1
3513	0
3514	1
3515	1
3516	0
3518	2
3519	1
3520	2
3521	4
3522	0
3523	1
3524	2
3526	1
3527	2
3528	4
3529	1
3530	0
3531	1
3532	1
3533	2
3534	1
3535	3
3536	0
3537	0
3538	0
3539	0
3541	1
3542	6
3543	2
3544	1
3545	10
3546	2
3547	2
3548	0
3549	3
3551	2
3552	1
3553	5
3554	2
3555	4
3557	6
3558	4
3559	0
3560	0
3562	2
3563	2
3564	2
3565	0
3566	0
3567	1
3568	5
3569	7
3570	0
3571	4
3572	0
3573	2
3574	1
3575	0
3576	6
3578	4
3579	5
3580	0
3581	3
3582	0
3583	1
3584	7
3585	1
3587	3
3588	1
3589	0
3590	3
3591	1
3593	8
3594	0
3595	3
3596	17
3597	0
3598	0
3599	6
3600	3
3601	7
3602	4
3603	1
3604	11
3605	14
3606	1
3607	0
3608	0
3610	3
3611	12
3612	5
3613	5
3614	0
3615	5
3616	3
3617	6
3618	2
3619	1
3620	2
3622	4
3623	4
3624	1
3625	17
3627	2
3628	5
3629	17
3630	2
3631	3
3632	1
3634	5
3635	4
3636	8
3637	1
3638	4
3639	3
3640	13
3641	0
3642	2
3643	9
3644	1
3645	8
3646	1
3647	0
3648	5
3649	7
3650	0
3652	1
3653	1
3654	1
3655	5
3656	0
3657	6
3658	4
3659	4
3660	4
3661	3
3662	4
3663	0
3664	2
3665	0
3666	0
3667	3
3668	2
3669	4
3670	8
3671	3
3672	13
3673	1
3675	6
3676	2
3678	1
3679	3
3680	12
3681	1
3682	2
3683	1
3685	6
3686	0
3687	12
3688	1
3689	1
3690	8
3691	1
3693	4
3694	2
3695	8
3696	9
3697	4
3698	8
3699	0
3700	5
3701	6
3702	1
3703	2
3704	0
3705	11
3706	13
3707	5
3708	9
3709	0
3710	10
3711	6
3712	0
3713	5
3714	5
3715	4
3716	5
3717	0
3718	14
3719	12
3720	2
3722	12
3724	1
3725	8
3726	4
3727	2
3728	11
3729	0
3730	7
3731	19
3732	0
3733	1
3734	20
3735	2
3736	0
3737	15
3738	9
3739	7
3740	13
3742	1
3743	9
3744	1
3745	0
3746	1
3747	10
3748	0
3749	3
3751	4
3752	7
3753	3
3754	2
3755	3
3757	10
3758	15
3759	12
3760	3
3761	8
3762	3
3763	4
3764	6
3765	0
3766	2
3767	7
3768	10
3769	0
3770	0
3771	0
3772	0
3773	0
3774	0
3775	0
3776	0
3777	0
3778	1
3780	2
3781	0
3782	0
3783	2
3784	1
3785	1
3786	1
3787	0
3788	0
3789	0
3790	3
3791	4
3792	0
3793	2
3794	3
3795	0
3796	0
3798	0
3799	1
3800	8
3801	0
3802	1
3803	3
3804	5
3805	1
3806	0
3807	1
3808	0
3809	5
3810	3
3811	0
3812	1
3813	1
3814	0
3815	0
3816	0
3817	2
3818	1
3819	1
3820	0
3821	1
3822	4
3823	2
3824	9
3825	4
3826	5
3827	0
3828	0
3829	3
3831	3
3832	0
3833	6
3834	2
3835	2
3836	2
3837	3
3838	7
3839	3
3840	0
3841	15
3842	6
3843	1
3844	0
3845	0
3846	0
3847	2
3848	2
3849	0
3850	5
3852	1
3853	0
3854	0
3855	2
3856	0
3857	2
3858	7
3859	0
3860	8
3862	4
3863	0
3864	2
3865	0
3866	6
3867	1
3868	4
3869	2
3870	1
3871	1
3873	12
3874	2
3875	0
3876	0
3878	0
3879	0
3880	0
3881	5
3882	1
3883	4
3884	2
3885	1
3887	1
3888	0
3889	0
3890	1
3891	3
3892	3
3893	0
3894	1
3895	1
3896	8
3897	1
3898	6
3899	1
3900	8
3901	1
3902	4
3903	2
3904	1
3905	2
3906	9
3907	7
3908	2
3909	0
3910	1
3911	3
3912	6
3913	0
3914	0
3915	4
3916	4
3917	7
3918	6
3919	3
3920	6
3921	9
3922	1
3923	1
3924	10
3925	4
3926	15
3927	5
3928	0
3929	4
3930	9
3931	3
3932	2
3933	7
3934	2
3935	0
3936	1
3937	0
3938	18
3939	0
3940	1
3941	2
3942	1
3944	2
3945	6
3946	1
3947	9
3949	3
3950	5
3951	11
3952	2
3953	1
3954	0
3955	0
3956	7
3957	7
3958	2
3959	1
3960	8
3963	4
3964	8
3965	0
3966	5
3967	2
3968	19
3969	13
3970	2
3971	9
3972	0
3973	0
3974	0
3975	8
3976	1
3977	1
3978	2
3979	6
3981	1
3982	1
3983	1
3984	1
3985	1
3986	2
3987	1
3988	2
3990	1
3991	2
3992	1
3993	3
3994	2
3995	4
3996	1
3997	3
3998	4
3999	1
4000	3
4001	1
4002	2
4003	2
4004	2
4005	2
4006	1
4007	2
4008	1
4009	5
4010	1
4012	2
4013	3
4014	3
4015	1
4016	3
4017	4
4018	5
4019	6
4020	3
4021	5
4022	1
4023	6
4024	1
4025	4
4026	7
4027	4
4028	2
4029	2
4030	8
4032	1
4033	1
4034	1
4035	1
4036	2
4037	2
4038	5
